sum_dEdX: 0.0044889999999999999
Xmax: 15
dEdXmax: 0.0044889999999999999
